0 -0.930627 -0.916357 0.03 
385.401 -0.949743 -0.933086 0.03 
770.802 -0.973211 -0.950282 0.03 
1156.2 -0.986263 -0.967962 0.03 
1541.6 -1.00234 -0.986145 0.03 
1927 -1.0035 -1.00485 0.03 
2312.41 -1.0298 -1.0241 0.03 
2697.81 -1.02976 -1.04391 0.03 
3083.21 -1.03819 -1.06431 0.03 
3468.61 -1.06072 -1.08531 0.03 
3854.01 -1.06806 -1.10695 0.03 
4239.41 -1.09932 -1.12926 0.03 
4624.81 -1.13959 -1.15225 0.03 
5010.21 -1.16585 -1.17595 0.03 
5395.61 -1.17981 -1.20041 0.03 
5781.01 -1.21108 -1.22564 0.03 
6166.41 -1.25199 -1.25169 0.03 
6551.82 -1.27353 -1.27858 0.03 
6937.22 -1.31379 -1.30636 0.03 
7322.62 -1.35042 -1.33507 0.03 
7708.02 -1.39657 -1.36475 0.03 
8093.42 -1.43417 -1.39543 0.03 
8478.82 -1.45024 -1.42718 0.03 
8864.22 -1.47676 -1.46003 0.03 
9249.62 -1.50979 -1.49405 0.03 
9635.02 -1.5381 -1.52928 0.03 
10020.4 -1.56681 -1.56579 0.03 
10405.8 -1.62433 -1.60364 0.03 
10791.2 -1.64996 -1.64289 0.03 
11176.6 -1.6746 -1.68363 0.03 
11562 -1.72715 -1.72591 0.03 
11947.4 -1.77945 -1.76983 0.03 
12332.8 -1.79738 -1.81547 0.03 
12718.2 -1.872 -1.86292 0.03 
13103.6 -1.92072 -1.91228 0.03 
13489 -1.95352 -1.96365 0.03 
13874.4 -2.00461 -2.01715 0.03 
14259.8 -2.07438 -2.07289 0.03 
14645.2 -2.10338 -2.131 0.03 
15030.6 -2.1443 -2.19163 0.03 
15416 -2.1863 -2.2549 0.03 
15801.4 -2.22697 -2.32099 0.03 
16186.8 -2.26589 -2.39007 0.03 
16572.2 -2.35539 -2.46231 0.03 
16957.6 -2.47436 -2.53791 0.03 
17343 -2.61687 -2.61708 0.03 
17728.4 -2.75567 -2.70006 0.03 
18113.8 -2.87743 -2.78708 0.03 
18499.2 -2.96136 -2.87841 0.03 
18884.6 -3.07826 -2.97434 0.03 
19270 -3.18155 -3.07518 0.03 
19655.4 -3.31964 -3.18126 0.03 
20040.8 -3.43278 -3.29294 0.03 
20426.2 -3.52922 -3.41063 0.03 
20811.7 -3.64557 -3.53474 0.03 
21197.1 -3.72093 -3.66573 0.03 
21582.5 -3.81025 -3.80411 0.03 
21967.9 -3.88422 -3.95042 0.03 
22353.3 -3.99047 -4.10524 0.03 
22738.7 -4.01346 -4.26921 0.03 
23124.1 -4.09467 -4.44301 0.03 
23509.5 -4.24662 -4.6274 0.03 
23894.9 -4.42747 -4.82317 0.03 
24280.3 -4.6655 -5.03117 0.03 
24665.7 -4.98528 -5.25235 0.03 
25051.1 -5.39125 -5.48768 0.03 
25436.5 -5.75107 -5.73822 0.03 
25821.9 -6.14163 -6.00507 0.03 
26207.3 -6.622 -6.28942 0.03 
26592.7 -7.04827 -6.59248 0.03 
26978.1 -7.49425 -6.9155 0.03 
27363.5 -7.83 -7.25978 0.03 
27748.9 -8.12008 -7.6266 0.03 
28134.3 -8.41723 -8.01724 0.03 
28519.7 -8.72441 -8.43292 0.03 
28905.1 -8.97208 -8.87479 0.03 
29290.5 -9.23484 -9.34389 0.03 
29675.9 -9.60331 -9.84114 0.03 
30061.3 -9.96541 -10.3672 0.03 
30446.7 -10.3788 -10.9227 0.03 
30832.1 -10.8432 -11.5079 0.03 
31217.5 -11.3578 -12.1228 0.03 
31602.9 -11.9385 -12.7672 0.03 
31988.3 -12.6021 -13.4406 0.03 
32373.7 -13.3686 -14.1424 0.03 
32759.1 -14.2121 -14.8716 0.03 
33144.5 -15.1684 -15.6272 0.03 
33529.9 -16.2549 -16.4077 0.03 
33915.3 -17.355 -17.2118 0.03 
34300.7 -18.4523 -18.0378 0.03 
34686.1 -19.475 -18.8841 0.03 
35071.5 -20.5492 -19.7489 0.03 
35456.9 -21.6282 -20.6304 0.03 
35842.3 -22.7291 -21.5266 0.03 
36227.7 -23.8626 -22.4356 0.03 
36613.1 -24.9788 -23.3553 0.03 
36998.5 -25.836 -24.2837 0.03 
37383.9 -26.8751 -25.2185 0.03 
37769.3 -27.107 -26.1577 0.03 
38154.7 -27.5934 -27.0987 0.03 
38540.1 -28.3884 -28.0393 0.03 
38925.5 -28.6176 -28.9767 0.03 
39310.9 -28.6118 -29.9083 0.03 
39696.3 -28.8159 -30.8311 0.03 
40081.7 -29.3376 -31.7419 0.03 
40467.1 -29.7581 -32.6371 0.03 
40852.5 -31.3442 -33.5128 0.03 
41237.9 -32.5365 -34.3647 0.03 
41623.3 -34.1736 -35.188 0.03 
42008.7 -35.582 -35.9769 0.03 
42394.1 -37.0734 -36.725 0.03 
42779.5 -38.2107 -37.4249 0.03 
43164.9 -38.3546 -38.068 0.03 
43550.3 -38.9901 -38.6441 0.03 
43935.7 -38.7669 -39.1416 0.03 
44321.1 -38.3754 -39.5472 0.03 
44706.5 -39.4861 -39.846 0.03 
45091.9 -39.49 -40.0224 0.03 
45477.3 -39.335 -40.0609 0.03 
45862.7 -40.5636 -39.9488 0.03 
46248.1 -41.7708 -39.678 0.03 
46633.5 -41.5737 -39.2474 0.03 
47018.9 -41.4371 -38.6638 0.03 
47404.3 -39.332 -37.9406 0.03 
47789.7 -37.8097 -37.0957 0.03 
48175.1 -36.4027 -36.1487 0.03 
48560.5 -34.1751 -35.1188 0.03 
48945.9 -32.7857 -34.0238 0.03 
49331.3 -31.6948 -32.8797 0.03 
49716.7 -30.8985 -31.7003 0.03 
50102.1 -30.2194 -30.4977 0.03 
50487.5 -29.2609 -29.2824 0.03 
50872.9 -28.5398 -28.0633 0.03 
51258.3 -27.3635 -26.8483 0.03 
51643.7 -26.6779 -25.644 0.03 
52029.1 -25.3913 -24.4565 0.03 
52414.5 -24.3011 -23.2907 0.03 
52799.9 -22.8745 -22.1512 0.03 
53185.3 -21.8156 -21.0418 0.03 
53570.7 -20.8711 -19.9659 0.03 
53956.1 -19.6389 -18.9263 0.03 
54341.5 -18.5632 -17.9255 0.03 
54726.9 -17.3511 -16.9653 0.03 
55112.3 -16.3507 -16.0471 0.03 
55497.7 -15.3069 -15.172 0.03 
55883.1 -14.4027 -14.3405 0.03 
56268.5 -13.5433 -13.5526 0.03 
56653.9 -12.7473 -12.808 0.03 
57039.3 -12.019 -12.1061 0.03 
57424.7 -11.3605 -11.4458 0.03 
57810.1 -10.7798 -10.8259 0.03 
58195.5 -10.1728 -10.2447 0.03 
58580.9 -9.58362 -9.70058 0.03 
58966.3 -9.08318 -9.19163 0.03 
59351.7 -8.62488 -8.71592 0.03 
59737.1 -8.20458 -8.2715 0.03 
60122.5 -7.76718 -7.85639 0.03 
60507.9 -7.30882 -7.46867 0.03 
60893.3 -6.94991 -7.10647 0.03 
61278.7 -6.6801 -6.768 0.03 
61664.1 -6.33618 -6.45155 0.03 
62049.5 -6.08786 -6.15551 0.03 
62435 -5.82768 -5.87839 0.03 
62820.4 -5.58911 -5.61877 0.03 
63205.8 -5.37307 -5.37535 0.03 
63591.2 -5.17505 -5.14693 0.03 
63976.6 -4.96888 -4.93238 0.03 
64362 -4.79162 -4.73068 0.03 
64747.4 -4.61151 -4.54088 0.03 
65132.8 -4.45359 -4.36211 0.03 
65518.2 -4.29338 -4.19357 0.03 
65903.6 -4.07791 -4.03452 0.03 
66289 -3.85028 -3.88429 0.03 
66674.4 -3.69959 -3.74225 0.03 
67059.8 -3.54023 -3.60785 0.03 
67445.2 -3.36902 -3.48055 0.03 
67830.6 -3.23478 -3.35986 0.03 
68216 -3.16879 -3.24536 0.03 
68601.4 -3.07412 -3.13662 0.03 
68986.8 -2.96114 -3.03328 0.03 
69372.2 -2.8761 -2.93499 0.03 
69757.6 -2.7967 -2.84141 0.03 
70143 -2.72313 -2.75227 0.03 
70528.4 -2.66772 -2.66729 0.03 
70913.8 -2.63426 -2.5862 0.03 
71299.2 -2.54121 -2.50879 0.03 
71684.6 -2.46786 -2.43483 0.03 
72070 -2.36541 -2.36411 0.03 
72455.4 -2.30484 -2.29646 0.03 
72840.8 -2.27062 -2.23169 0.03 
73226.2 -2.24535 -2.16965 0.03 
73611.6 -2.2004 -2.11018 0.03 
73997 -2.09665 -2.05315 0.03 
74382.4 -2.00407 -1.99842 0.03 
74767.8 -1.93029 -1.94586 0.03 
75153.2 -1.88084 -1.89538 0.03 
75538.6 -1.8231 -1.84685 0.03 
75924 -1.78877 -1.80018 0.03 
76309.4 -1.7233 -1.75527 0.03 
76694.8 -1.67768 -1.71203 0.03 
